0
19.71182632446289
16.933944702148438
13.250381469726562
6.041748523712158
28.621734619140625
25.58197021484375
22.07291030883789
14.333147048950195
28.702308654785156
25.872440338134766
22.243532180786133
15.220735549926758
26.56072425842285
24.80344581604004
21.412038803100586
15.043113708496094
24.50717544555664
22.960247039794922
19.322711944580078
13.150510787963867
21.158615112304688
19.730703353881836
16.168291091918945
10.437774658203125
15.072795867919922
14.965965270996094
15.536674499511719
15.146139144897461
14.385974884033203
13.587026596069336
15.531070709228516
14.76607894897461
12.740520477294922
15.088123321533203
26.095178604125977
23.169553756713867
27.486459732055664
27.516010284423828
20.640644073486328
21.813413619995117
21.91747283935547
21.610132217407227
17.626516342163086
17.20682716369629
10.696094512939453
21.332841873168945
22.136743545532227
22.43194580078125
18.827659606933594
19.776824951171875
18.099864959716797
19.91429328918457
19.138568878173828
17.631288528442383
19.5760498046875
17.500957489013672
15.905538558959961
5.263477802276611
2.7841200828552246
-0.1519312858581543
-2.5663528442382812
13.346105575561523
8.91846752166748
4.8607497215271
1.007907748222351
13.489679336547852
9.917793273925781
6.858519077301025
3.459932804107666
12.278121948242188
8.940539360046387
6.34930419921875
2.8619847297668457
10.742546081542969
7.248103618621826
4.975687503814697
2.001265525817871
10.149703979492188
6.621448993682861
4.511109352111816
1.7629594802856445
2.710148811340332
3.376699924468994
2.156965494155884
2.9709763526916504
3.405055046081543
1.4229514598846436
4.100752353668213
2.9860668182373047
2.916316509246826
2.781400203704834
6.678163528442383
8.76634693145752
5.85279655456543
4.176237106323242
4.905735969543457
5.501009941101074
5.777775287628174
5.356746673583984
3.7355031967163086
2.544114112854004
-2.6124911308288574
4.45687198638916
6.0465216636657715
6.162586688995361
6.07393217086792
5.7760233879089355
4.55964469909668
5.877902984619141
6.476207256317139
5.6915740966796875
5.543786525726318
4.718109607696533
5.361898899078369
-1.35599946975708
-0.906644344329834
-0.010374665260314941
-1.3306427001953125
0.1652611494064331
0.6643520593643188
0.6557093858718872
-0.878934383392334
0.5239723324775696
0.6582432389259338
0.23510587215423584
-1.236492395401001
1.9401835203170776
1.6363009214401245
0.3633558750152588
-1.3283586502075195
1.3980438709259033
1.2612872123718262
0.16048669815063477
-1.54386568069458
0.8863263130187988
0.7922449707984924
-0.12625384330749512
-1.8234219551086426
-1.670804500579834
-0.15235769748687744
-0.21778976917266846
-0.43566250801086426
-1.2733209133148193
-0.39280152320861816
-0.22321629524230957
-0.48018813133239746
-1.586637258529663
-1.3925585746765137
0.6814788579940796
1.854736566543579
2.6406776905059814
3.2649803161621094
-0.8105051517486572
-0.37621378898620605
-0.06938016414642334
-0.5000677108764648
-0.735842227935791
-3.6173911094665527
-8.895381927490234
-0.561166524887085
0.13569986820220947
0.20855283737182617
0.7098324298858643
-0.7586455345153809
-1.6007108688354492
2.0158510208129883
0.8185776472091675
0.22922861576080322
-0.7197215557098389
-1.350952386856079
-1.311129093170166
6.136022567749023
4.209186553955078
1.6959872245788574
-0.30735039710998535
13.065603256225586
9.883245468139648
6.075380802154541
2.368156909942627
13.019170761108398
9.99161148071289
6.289982318878174
2.7676734924316406
12.311424255371094
9.633604049682617
6.121809005737305
2.767484664916992
13.264711380004883
10.841594696044922
7.2923784255981445
3.9204556941986084
10.928018569946289
8.528146743774414
5.3356170654296875
2.147833824157715
3.454524517059326
5.120577812194824
4.545621395111084
4.6158447265625
3.536651372909546
3.793699026107788
4.129648208618164
2.433516025543213
3.0131397247314453
4.0528483390808105
7.142129421234131
6.254649639129639
9.352569580078125
9.782943725585938
5.615431308746338
6.495594024658203
6.49210786819458
6.39966344833374
2.4134469032287598
0.8581653833389282
-5.972255706787109
4.479269981384277
5.668213844299316
5.809685230255127
5.297606945037842
3.2216501235961914
2.2047433853149414
6.8870391845703125
5.425336837768555
4.089223861694336
3.8530020713806152
2.334479570388794
2.3116707801818848
-0.8901245594024658
-2.6902170181274414
-1.819547176361084
-2.7813353538513184
3.2766504287719727
0.45862436294555664
0.33201026916503906
-1.805938959121704
4.449577331542969
1.8067011833190918
1.7331371307373047
-0.6903696060180664
6.075056552886963
3.4681832790374756
3.4049785137176514
1.3578431606292725
5.007009029388428
2.5646896362304688
2.937129497528076
1.4055142402648926
4.274910926818848
1.9477665424346924
2.5390307903289795
1.2945210933685303
0.9709221720695496
0.9265624284744263
2.1046972274780273
2.0746920108795166
1.1984379291534424
1.5428459644317627
2.847877025604248
0.6153505444526672
1.6023807525634766
-0.6741561889648438
6.755195140838623
4.790277481079102
9.154098510742188
6.088737964630127
3.0317697525024414
3.764082193374634
3.783353567123413
3.6188950538635254
1.6779252290725708
-1.3172006607055664
-4.7886962890625
2.889758586883545
2.3245925903320312
2.08902645111084
-0.3948667049407959
-0.0858297348022461
1.9271796941757202
1.6585896015167236
0.8057613372802734
0.7118850350379944
0.7887157797813416
1.8506146669387817
2.8276278972625732
9.131490707397461
6.212586402893066
4.984821796417236
3.0209169387817383
10.077178955078125
6.892552375793457
6.299214839935303
4.324347496032715
12.954902648925781
9.691141128540039
9.405938148498535
7.297299861907959
12.808412551879883
9.617603302001953
9.562442779541016
7.8726654052734375
11.598295211791992
8.786706924438477
9.038905143737793
8.569206237792969
10.558685302734375
7.955048084259033
8.39067268371582
7.873612403869629
7.421787738800049
7.806387424468994
8.029475212097168
7.089175701141357
7.1798319816589355
8.588698387145996
6.525729179382324
8.099424362182617
7.875211715698242
5.414238929748535
12.319890975952148
14.13090705871582
13.644466400146484
13.46091079711914
8.927743911743164
10.128400802612305
9.636470794677734
9.857141494750977
7.984599590301514
5.5821428298950195
1.6729615926742554
8.400947570800781
9.973356246948242
9.740083694458008
9.064530372619629
8.264105796813965
8.672423362731934
10.640335083007812
9.364982604980469
9.694860458374023
8.39478874206543
9.707138061523438
9.814447402954102
3.0830607414245605
1.288569688796997
0.7436483502388
-0.6723427772521973
3.4059600830078125
1.6177321672439575
0.8660794496536255
-0.4543488025665283
4.453779697418213
2.765040874481201
1.1634893417358398
-0.8346512317657471
4.402054786682129
2.8819499015808105
1.3201593160629272
-0.21037328243255615
3.697288751602173
2.066235065460205
0.628267765045166
-0.86114501953125
3.4834630489349365
1.840247631072998
0.4008108377456665
-0.9684474468231201
-0.5805966854095459
0.06315791606903076
0.019206881523132324
-0.23466110229492188
-0.5224399566650391
-1.1228187084197998
0.6228291988372803
-1.3921480178833008
0.04626178741455078
-0.07380890846252441
1.9580626487731934
3.118231773376465
5.138934135437012
-0.24164295196533203
1.9079627990722656
2.229539394378662
2.412832498550415
2.270291566848755
0.7739343047142029
-0.2497040033340454
-3.243931770324707
1.188321590423584
1.625584602355957
1.9269015789031982
0.8806097507476807
0.3029816150665283
-0.3255319595336914
1.180855393409729
0.957188069820404
0.5319341421127319
-0.20198416709899902
-0.16930842399597168
1.1337987184524536
0.9596765041351318
-0.08490133285522461
-1.112196683883667
-1.740081548690796
1.2510325908660889
0.18582642078399658
-0.9539690017700195
-1.5726830959320068
1.5338630676269531
0.10640323162078857
-1.195754051208496
-1.632556676864624
2.0271928310394287
0.9955880641937256
-0.46715235710144043
-1.5161242485046387
1.302609920501709
0.11989259719848633
-1.0934348106384277
-1.846327543258667
1.108244776725769
0.03552985191345215
-1.012831687927246
-1.7347357273101807
-0.3677026033401489
-0.5581116676330566
-1.0070366859436035
-1.2279343605041504
-2.1514744758605957
-0.7994377613067627
-1.5747177600860596
-2.0056252479553223
-0.32089436054229736
-1.546597957611084
2.060359239578247
2.943418025970459
3.1471493244171143
0.13441598415374756
0.15739107131958008
0.4800912141799927
0.8392668962478638
0.7762200832366943
0.9829346537590027
-1.6546063423156738
-3.110767364501953
0.5242398381233215
0.9644066095352173
0.9395875334739685
0.439689040184021
-0.5386494398117065
0.6615387797355652
-0.20303940773010254
-0.7602100372314453
0.4378998279571533
-2.6926417350769043
-0.8813655376434326
-0.1334371566772461
6.298159122467041
4.923182010650635
3.7221713066101074
0.9917824864387512
7.805844783782959
6.181130409240723
4.252453804016113
1.2614667415618896
11.289108276367188
9.822032928466797
7.182737827301025
3.3004250526428223
13.163732528686523
11.846309661865234
9.043497085571289
5.15950345993042
13.297298431396484
11.967931747436523
8.581470489501953
5.138997554779053
10.119691848754883
8.708725929260254
5.543630599975586
2.5304179191589355
4.66160774230957
6.921967029571533
6.550024032592773
6.674887657165527
5.265315055847168
6.924230098724365
6.925926685333252
5.2172746658325195
5.437968730926514
5.798066139221191
11.795675277709961
12.568964004516602
10.148822784423828
14.38935661315918
9.519781112670898
10.900138854980469
10.151166915893555
11.210332870483398
7.001647472381592
6.481168270111084
1.4288941621780396
7.479536056518555
8.672264099121094
8.688212394714355
7.935444355010986
5.860057353973389
7.489854335784912
10.38368034362793
8.720368385314941
10.157121658325195
7.629401683807373
7.843188285827637
7.460974216461182
0.750084638595581
0.6476424336433411
0.37467145919799805
-0.8446784019470215
0.5781306028366089
0.9173945784568787
0.5912292003631592
-1.133580207824707
0.7596344351768494
1.4381076097488403
1.1309983730316162
-1.0139031410217285
0.7560076713562012
1.6546623706817627
1.3130050897598267
-0.8893237113952637
1.4491991996765137
2.0484111309051514
1.8273193836212158
0.14200210571289062
1.171520709991455
1.7621352672576904
1.5939668416976929
-0.3125185966491699
0.08030879497528076
-1.3310866355895996
0.3478473424911499
-0.6264550685882568
-0.9146966934204102
0.3065253496170044
0.21893155574798584
-0.9284369945526123
-1.6792433261871338
-2.5557661056518555
2.8764333724975586
3.404369831085205
2.9978461265563965
3.6691606044769287
2.331535577774048
2.737252712249756
3.23148512840271
3.062783718109131
0.6572121381759644
0.0180131196975708
-3.8050193786621094
1.4653394222259521
2.2959771156311035
1.5724735260009766
0.7707576751708984
1.4397355318069458
2.151785373687744
0.2334892749786377
0.2630962133407593
0.11786770820617676
-0.5590784549713135
1.3169840574264526
0.45413774251937866
0.10065627098083496
-0.23624670505523682
-0.6249513626098633
-1.7120790481567383
1.7670756578445435
0.8001211881637573
0.151381254196167
-1.1444683074951172
1.5034469366073608
0.5858171582221985
0.01592540740966797
-1.1853575706481934
1.187696099281311
0.35376477241516113
-0.312269926071167
-1.3494925498962402
0.7651386857032776
-0.19892442226409912
-0.6216280460357666
-1.564112901687622
-0.8712637424468994
-2.064692258834839
-2.7513928413391113
-3.8755874633789062
-1.1858298778533936
-0.6243429183959961
-0.6647803783416748
-0.8177690505981445
-1.4719133377075195
-1.312958002090454
-0.6611149311065674
-0.893674373626709
-0.5115311145782471
-1.6359705924987793
0.2508516311645508
2.3600258827209473
1.0254441499710083
-1.4410350322723389
1.193593144416809
1.2625393867492676
1.2900969982147217
1.435072422027588
-0.3964282274246216
-1.6852288246154785
-2.6575417518615723
0.21973347663879395
0.30326318740844727
0.5148599743843079
-0.2691633701324463
-1.4076690673828125
-0.9276678562164307
0.1847381591796875
-0.9174849987030029
-0.42996132373809814
-1.4269993305206299
-1.360372543334961
-0.27749836444854736
1.2439019680023193
0.9571898579597473
-1.0369815826416016
-3.039651393890381
5.3929901123046875
4.482682704925537
0.966463029384613
-2.263059139251709
7.637660980224609
6.336418628692627
2.73917818069458
-0.7995302677154541
8.005012512207031
6.8628997802734375
3.2032971382141113
-0.3127366304397583
7.851561069488525
7.02652645111084
3.326949119567871
0.025994539260864258
7.376311302185059
6.77483606338501
3.1537246704101562
0.08813905715942383
-0.44565844535827637
-0.14897465705871582
-1.0224785804748535
0.16863799095153809
-0.7204067707061768
-0.3539576530456543
0.30007433891296387
-1.388176441192627
-0.5214366912841797
-0.3218214511871338
4.145475387573242
6.34060001373291
4.215175628662109
1.445927381515503
2.7278895378112793
3.032545804977417
2.560274600982666
2.8355941772460938
0.6075224876403809
-1.0211131572723389
-5.669853687286377
2.6679677963256836
3.0218324661254883
3.246738910675049
1.3289086818695068
1.5033817291259766
1.9993703365325928
0.5404558777809143
1.6883001327514648
2.5992584228515625
1.406402587890625
2.200237989425659
1.5294427871704102
13.451297760009766
8.900665283203125
5.642692565917969
2.6653225421905518
14.244150161743164
9.44721508026123
5.800097942352295
2.1564977169036865
17.699888229370117
13.091903686523438
8.952238082885742
4.626556873321533
15.992103576660156
12.179859161376953
8.198140144348145
4.2534942626953125
14.777032852172852
11.366657257080078
7.696470260620117
4.052515029907227
13.337549209594727
10.243894577026367
6.823240280151367
3.5419089794158936
4.32634973526001
4.246744632720947
5.146274089813232
4.171551704406738
3.984266519546509
5.019711494445801
3.960665225982666
5.31041145324707
3.919541358947754
5.128167152404785
13.801881790161133
12.074762344360352
11.920019149780273
10.350875854492188
8.03226089477539
9.365802764892578
9.051733016967773
9.224584579467773
6.021521091461182
3.58962082862854
-2.722043514251709
8.775835037231445
9.624948501586914
9.723831176757812
6.766451835632324
7.39047908782959
6.584543704986572
8.608114242553711
6.836265563964844
6.219423770904541
7.387014865875244
6.1769208908081055
6.3403754234313965
16.869388580322266
14.858726501464844
10.353691101074219
7.17502498626709
21.213409423828125
19.01473045349121
15.084796905517578
11.805194854736328
18.625823974609375
16.569379806518555
13.029851913452148
10.415897369384766
16.80907440185547
15.01309585571289
11.746383666992188
9.394580841064453
15.314722061157227
13.457231521606445
10.300403594970703
8.176509857177734
13.764152526855469
12.20751953125
9.308027267456055
7.403214454650879
9.087800979614258
10.37197494506836
9.112001419067383
10.044475555419922
9.042520523071289
10.05300521850586
9.856515884399414
9.765625
9.055492401123047
10.494951248168945
12.550741195678711
14.350017547607422
12.923099517822266
11.672405242919922
10.112407684326172
11.02021598815918
11.313570022583008
10.607088088989258
9.903635025024414
7.744029521942139
2.760000228881836
10.011648178100586
11.459327697753906
11.27037239074707
10.976716995239258
9.452299118041992
10.478927612304688
10.576045989990234
11.211519241333008
12.022939682006836
9.90386962890625
10.750478744506836
10.211759567260742
-3.703050136566162
-3.910797119140625
-2.834643840789795
-2.610586166381836
-3.154965877532959
-3.3010740280151367
-2.1602048873901367
-2.2186906337738037
-2.678041934967041
-2.893010139465332
-1.9210631847381592
-2.431849956512451
-2.855062961578369
-3.0537333488464355
-2.3903048038482666
-2.906954288482666
-3.023562431335449
-3.1514716148376465
-2.5135114192962646
-2.879944324493408
-3.459892749786377
-3.5314674377441406
-2.9462242126464844
-2.913543224334717
-1.8983862400054932
-2.6073951721191406
-2.5019848346710205
-2.1262354850769043
-2.44490385055542
-2.2359650135040283
-2.1622610092163086
-1.7842907905578613
-2.1459758281707764
-2.26312518119812
-1.3279526233673096
0.13572728633880615
-1.2419421672821045
-0.11483168601989746
-1.96451997756958
-1.3624024391174316
-1.528794527053833
-1.4540934562683105
-2.103975772857666
-3.5922036170959473
-3.9276609420776367
-1.084165096282959
-1.0852882862091064
-1.078430414199829
-0.718017578125
-1.4876010417938232
-1.5074903964996338
-1.3773837089538574
-2.0550904273986816
-2.18758487701416
-2.1490306854248047
-2.7184557914733887
-1.4843120574951172
7.111429691314697
4.472558975219727
3.501460552215576
2.3333051204681396
10.896879196166992
6.624375820159912
4.665593147277832
3.0723345279693604
12.452186584472656
7.989689826965332
5.883669376373291
3.833852767944336
13.685541152954102
9.189886093139648
7.1465373039245605
4.683300018310547
13.177541732788086
9.03962230682373
7.881834030151367
5.228726387023926
12.145244598388672
8.324972152709961
7.388237476348877
5.01445198059082
5.89210844039917
4.78947114944458
3.8909006118774414
5.352217674255371
4.177574157714844
5.332808494567871
4.344046592712402
5.066435813903809
6.054879665374756
4.623684883117676
8.987632751464844
12.393375396728516
12.50021743774414
9.974016189575195
6.9779815673828125
7.6554999351501465
7.46852970123291
7.974902153015137
6.334004878997803
4.005027770996094
1.5587950944900513
8.931517601013184
8.430862426757812
8.801913261413574
7.8726019859313965
6.918176174163818
7.900279998779297
4.747269630432129
6.6984543800354
7.232818603515625
5.220044136047363
6.436060428619385
7.04455041885376
-4.261875152587891
-4.784974098205566
-3.9666190147399902
-5.7723870277404785
-1.4499003887176514
-2.6509389877319336
-1.901136875152588
-4.066365718841553
0.7983671426773071
-1.004702091217041
-0.8852081298828125
-4.36266565322876
0.5324013829231262
-1.0206506252288818
-0.512101411819458
-4.2513041496276855
0.17833173274993896
-1.2737362384796143
-0.5456525087356567
-4.129653453826904
-0.4519740343093872
-1.9616074562072754
-1.196056842803955
-4.6560797691345215
-2.246898889541626
-2.696493148803711
-2.9646806716918945
-3.096194267272949
-4.081044673919678
-2.878077983856201
-2.5576138496398926
-5.088388919830322
-3.648843765258789
-3.1445412635803223
2.3611652851104736
2.825194835662842
2.1908512115478516
3.391472816467285
-0.773184061050415
0.40225648880004883
-0.05268847942352295
0.35147643089294434
-1.4802002906799316
-2.6467971801757812
-5.078341960906982
1.8969658613204956
1.6657426357269287
1.9766794443130493
1.036339521408081
-0.5305060148239136
-0.09224605560302734
0.5152685642242432
-0.9714298248291016
0.3984893560409546
-3.1098408699035645
-2.0139241218566895
-0.4906700849533081
1.6215063333511353
2.207871675491333
1.7292473316192627
0.6783271431922913
1.0246655941009521
1.789616346359253
0.7828107476234436
-0.19613277912139893
3.372101306915283
3.893003463745117
1.8084893226623535
-0.27437305450439453
2.5704503059387207
3.180478572845459
1.5060263872146606
-0.3036785125732422
1.9416033029556274
2.55441951751709
1.0584338903427124
-0.5534515380859375
1.6936509609222412
1.898575782775879
0.657217800617218
-1.3936681747436523
0.291607141494751
-0.16800856590270996
0.2869386672973633
0.1649690866470337
0.883958101272583
-0.4474308490753174
1.0554107427597046
-0.0988762378692627
1.2101143598556519
-1.7792859077453613
3.3227381706237793
4.959651470184326
4.169921398162842
3.5401387214660645
2.007404327392578
4.063830375671387
3.0551390647888184
2.8153271675109863
0.9797016382217407
-0.03069758415222168
-4.514429569244385
4.262750625610352
3.1437888145446777
2.9486289024353027
1.909407615661621
1.456904411315918
2.6406474113464355
1.1612052917480469
0.3716980218887329
1.6938225030899048
0.42653656005859375
1.2716495990753174
2.696976661682129
0.8653914332389832
-1.0609807968139648
-2.7604174613952637
-1.8368284702301025
5.952617168426514
3.5325870513916016
0.9289507269859314
0.8040130734443665
5.258133888244629
3.063296318054199
0.8417022228240967
0.8863391876220703
5.940362930297852
4.036215305328369
1.8662654161453247
2.060762405395508
5.500669002532959
3.6707146167755127
1.6989095211029053
1.965962290763855
4.058255195617676
2.4037256240844727
0.5296885967254639
0.8164486289024353
3.3752429485321045
2.960209608078003
2.6620521545410156
2.5386571884155273
1.4341353178024292
0.8219798803329468
2.678084373474121
2.494885206222534
2.4889416694641113
2.220667600631714
3.9744534492492676
7.403585433959961
9.351945877075195
4.987978935241699
2.7116732597351074
3.825239896774292
4.0185627937316895
3.7030696868896484
1.879750370979309
2.6662399768829346
-1.7910981178283691
3.871100425720215
4.048152923583984
3.76425838470459
5.197932243347168
3.356926441192627
4.465536117553711
4.181380748748779
3.049104690551758
4.024426460266113
1.3666844367980957
2.823209762573242
3.6259381771087646
-1.9401865005493164
-3.2118449211120605
-1.012721300125122
-0.5447518825531006
-3.7022104263305664
-4.839757919311523
-1.7113804817199707
-1.4244749546051025
-4.911158084869385
-5.711984157562256
-2.4401378631591797
-1.9501450061798096
-4.176905155181885
-5.238862991333008
-2.483870267868042
-2.026834726333618
-3.760098934173584
-4.293354511260986
-2.0211634635925293
-2.1715595722198486
-2.681525230407715
-3.583108425140381
-1.6850121021270752
-2.0019009113311768
-1.5281744003295898
-0.8720905780792236
-1.0835051536560059
-1.1451139450073242
-1.968550205230713
-1.2041113376617432
-1.7386929988861084
-1.1358046531677246
-0.741478681564331
-1.3506736755371094
0.546186089515686
1.4715592861175537
1.9244682788848877
3.5972533226013184
-2.3646464347839355
-0.9891693592071533
-1.2284023761749268
-1.8742036819458008
-3.322692394256592
-2.986997604370117
-6.062211513519287
-1.0229742527008057
0.04792940616607666
-0.5695328712463379
-2.086243152618408
-3.1126646995544434
-2.0183863639831543
-1.5702714920043945
-2.9837422370910645
-1.5501842498779297
-2.925048351287842
-2.293959617614746
-2.005632162094116
5.056903839111328
4.828614234924316
3.9365975856781006
1.9717079401016235
6.075845241546631
5.744973659515381
4.61646842956543
2.137932777404785
6.303621292114258
6.028806209564209
5.224266052246094
2.8975672721862793
7.476929664611816
7.811343669891357
7.510565757751465
5.047932147979736
9.195273399353027
8.74120044708252
8.185068130493164
5.340675354003906
9.805910110473633
9.142940521240234
8.441563606262207
5.9614176750183105
3.9199373722076416
5.013271331787109
4.072841644287109
5.186159133911133
4.357951641082764
4.887271881103516
4.886660575866699
5.282978057861328
4.096656799316406
3.264704942703247
8.598429679870605
9.731109619140625
8.225082397460938
9.058370590209961
5.425361633300781
5.953388690948486
6.197298526763916
5.988839149475098
3.217578887939453
2.0924394130706787
-2.633063316345215
5.600110054016113
6.442630767822266
6.324549198150635
5.148691177368164
4.868666172027588
4.640357494354248
5.27940034866333
6.204070091247559
6.013030529022217
5.6351399421691895
5.43635892868042
5.130928993225098
4.823615074157715
1.627474069595337
-0.09028112888336182
-1.964752197265625
14.554605484008789
10.303583145141602
6.734132289886475
2.403852939605713
17.118362426757812
13.640336990356445
10.240518569946289
5.434110641479492
16.17568588256836
12.608198165893555
9.373918533325195
5.120180130004883
13.966150283813477
11.025094985961914
8.305044174194336
4.610415458679199
10.398632049560547
7.621914863586426
5.295682907104492
2.181352138519287
7.24114990234375
5.326078414916992
7.15480899810791
4.893368244171143
6.276980876922607
3.917219638824463
6.514561176300049
4.090061187744141
7.020025253295898
4.684568881988525
13.887638092041016
13.582557678222656
13.935922622680664
4.72091817855835
11.237224578857422
12.52781867980957
12.953680038452148
12.381576538085938
8.9742431640625
7.937300205230713
3.4136433601379395
12.220687866210938
12.517358779907227
12.046165466308594
9.062599182128906
9.465721130371094
9.429046630859375
9.494241714477539
6.551948070526123
6.891361236572266
7.162243366241455
6.790276050567627
8.559428215026855
-1.0511407852172852
-1.8963189125061035
-3.1689906120300293
-5.1036272048950195
-1.1458938121795654
-2.353502035140991
-3.8159518241882324
-5.62660551071167
1.4616546630859375
-0.47187304496765137
-2.9105567932128906
-5.5048675537109375
3.8730649948120117
1.7967965602874756
-0.9327304363250732
-4.5038065910339355
3.4017210006713867
1.7828326225280762
-0.6050529479980469
-3.79365873336792
4.547079086303711
2.741591215133667
0.02323603630065918
-2.9774017333984375
-5.9325666427612305
-3.0509963035583496
-3.655707359313965
-3.4297332763671875
-4.3126630783081055
-4.3397955894470215
-3.3709335327148438
-3.7448620796203613
-4.880588054656982
-3.312343120574951
-1.186720848083496
-1.0057644844055176
2.94571590423584
2.9786250591278076
-2.5917534828186035
-1.3684775829315186
-1.712397813796997
-1.7261366844177246
-3.9853339195251465
-5.294332504272461
-9.098176956176758
-2.504239797592163
-1.5540950298309326
-1.6074638366699219
-2.4322078227996826
-4.09784460067749
-4.951396465301514
-0.24136650562286377
-1.3846490383148193
-1.8285794258117676
-3.4029765129089355
-4.215485095977783
-4.812289237976074
4.088221073150635
1.0666193962097168
0.12911581993103027
0.31465578079223633
3.8375425338745117
0.712964653968811
-0.5876073837280273
0.17027711868286133
6.52662467956543
2.267216205596924
0.030000686645507812
0.13901114463806152
6.859180450439453
3.0783042907714844
1.0209826231002808
1.1127573251724243
7.680224418640137
3.929762125015259
1.7181451320648193
2.3380093574523926
6.427849769592285
2.9418981075286865
0.9020215272903442
1.999934196472168
2.3589062690734863
1.8014508485794067
1.5157321691513062
0.28947579860687256
0.3446176052093506
1.6830285787582397
1.9486491680145264
0.6093224883079529
2.301220655441284
-0.33525705337524414
3.75028133392334
6.014803409576416
8.632314682006836
3.8229525089263916
1.9572081565856934
3.1476590633392334
2.7711901664733887
3.211982488632202
0.8979942798614502
-0.7441036701202393
-4.261232852935791
3.6808555126190186
3.0798726081848145
3.6986870765686035
3.7558248043060303
2.3370413780212402
1.4967303276062012
2.346926689147949
1.3659056425094604
1.1798707246780396
-0.8569679260253906
-0.9613902568817139
0.9770131707191467
3.4849960803985596
3.245079755783081
1.921685814857483
1.234749436378479
13.537862777709961
12.957035064697266
9.428680419921875
5.9081902503967285
14.446802139282227
14.128564834594727
10.978347778320312
8.028130531311035
12.542301177978516
12.279533386230469
9.685615539550781
7.00366735458374
11.75
11.169227600097656
8.82807731628418
6.797458171844482
10.081676483154297
9.533733367919922
7.575590133666992
5.86720609664917
7.219295978546143
8.673824310302734
8.394935607910156
6.562952995300293
7.025599002838135
5.554579734802246
8.803851127624512
8.21700668334961
8.947813034057617
6.559610366821289
9.78342056274414
11.372125625610352
12.115718841552734
10.642738342285156
7.890132904052734
8.973733901977539
8.896539688110352
8.513239860534668
6.319650173187256
5.513068675994873
0.978935956954956
7.188014984130859
8.558979034423828
8.282350540161133
6.8150506019592285
7.328128814697266
6.962520122528076
8.745721817016602
8.253992080688477
8.587848663330078
8.94263744354248
8.112714767456055
8.524406433105469
