0
16.454952239990234
15.855964660644531
13.595050811767578
6.295028209686279
25.492591857910156
25.55413055419922
22.62146759033203
14.700557708740234
24.69654655456543
25.106679916381836
22.312767028808594
15.392425537109375
23.48558235168457
23.426044464111328
20.94450569152832
14.809062957763672
21.58918571472168
21.777053833007812
18.94234848022461
13.05550765991211
18.264930725097656
18.527851104736328
15.742361068725586
10.216493606567383
15.072795867919922
14.965965270996094
15.536674499511719
15.146139144897461
14.385974884033203
13.587026596069336
15.531070709228516
14.76607894897461
12.740520477294922
15.088123321533203
26.095178604125977
23.03000831604004
27.486459732055664
27.516010284423828
19.499692916870117
20.8123779296875
20.943340301513672
20.517610549926758
16.564233779907227
16.672832489013672
10.318628311157227
21.332841873168945
22.136743545532227
22.43194580078125
18.827659606933594
19.44772720336914
18.099864959716797
19.91429328918457
18.927637100219727
17.631288528442383
18.98016357421875
17.24637794494629
15.905538558959961
3.3227076530456543
2.5503616333007812
0.2849515676498413
-1.6655328273773193
10.866609573364258
8.05445671081543
4.710816383361816
1.2666884660720825
10.386358261108398
8.544026374816895
6.624207973480225
3.4948253631591797
9.294412612915039
7.510627746582031
5.804391384124756
2.9992852210998535
7.898380756378174
6.099267959594727
4.466845512390137
2.1466517448425293
7.275503158569336
5.46701717376709
4.010955333709717
1.8034913539886475
2.710148811340332
3.376699924468994
2.156965494155884
2.9709763526916504
3.405055046081543
1.4229514598846436
4.100752353668213
2.9860668182373047
2.916316509246826
2.781400203704834
6.678163528442383
8.325691223144531
5.85279655456543
2.862362861633301
4.190326690673828
4.8247480392456055
5.050415992736816
4.610973358154297
3.7286410331726074
2.400407314300537
-2.6355013847351074
4.45687198638916
6.0465216636657715
6.162586688995361
6.07393217086792
5.52484655380249
4.55964469909668
5.877902984619141
6.148972988128662
5.6915740966796875
5.1379523277282715
4.660597324371338
5.361898899078369
-1.5953271389007568
-0.3745293617248535
0.8589645028114319
-0.40917837619781494
-0.10670304298400879
1.0453133583068848
1.8536665439605713
0.06440889835357666
0.022418498992919922
1.1834001541137695
1.373423457145691
-0.26738452911376953
0.9745980501174927
2.127089023590088
1.3297677040100098
-0.6027448177337646
0.5035961866378784
1.6155946254730225
0.9594875574111938
-0.8981187343597412
-0.06581783294677734
1.0870769023895264
0.5376296043395996
-1.1625232696533203
-1.670804500579834
-0.15235769748687744
-0.21778976917266846
-0.43566250801086426
-1.2733209133148193
-0.39280152320861816
-0.22321629524230957
-0.48018813133239746
-1.586637258529663
-1.3925585746765137
0.6814788579940796
2.261298179626465
2.6406776905059814
3.2649803161621094
-0.36800289154052734
0.028863906860351562
0.37259864807128906
-0.035183072090148926
-0.10358977317810059
-3.2097129821777344
-8.48072624206543
-0.561166524887085
0.13569986820220947
0.20855283737182617
0.7098324298858643
0.13294804096221924
-1.6007108688354492
2.0158510208129883
1.7178912162780762
0.22922861576080322
-0.2909674644470215
-0.5832076072692871
-1.311129093170166
5.00283145904541
3.8982086181640625
2.1052393913269043
0.17716825008392334
11.219255447387695
9.774848937988281
6.509942531585693
2.694037675857544
11.21389389038086
9.996828079223633
6.786464214324951
3.0538389682769775
10.447452545166016
9.601058959960938
6.564972877502441
3.1581532955169678
11.275230407714844
10.788515090942383
7.824038982391357
4.308258056640625
8.694276809692383
8.297134399414062
5.540707111358643
2.3899950981140137
3.454524517059326
5.120577812194824
4.545621395111084
4.6158447265625
3.536651372909546
3.793699026107788
4.129648208618164
2.433516025543213
3.0131397247314453
4.0528483390808105
7.142129421234131
5.412495136260986
9.352569580078125
8.493589401245117
5.488271713256836
6.178558826446533
6.202859878540039
6.176985263824463
2.6575870513916016
0.9592609405517578
-5.792452812194824
4.479269981384277
5.668213844299316
5.809685230255127
5.297606945037842
3.6768603324890137
2.2047433853149414
6.8870391845703125
5.859705448150635
4.089223861694336
3.8479015827178955
2.619267463684082
2.3116707801818848
-2.8122525215148926
-3.3780994415283203
-1.634157657623291
-2.1399450302124023
0.12794148921966553
-0.5172228813171387
0.6162458658218384
-1.0084593296051025
1.2499432563781738
0.6803460717201233
2.0211806297302246
-0.06290161609649658
2.6916260719299316
1.9560999870300293
3.8000364303588867
1.9315359592437744
1.8775601387023926
1.2289435863494873
3.2595014572143555
2.0113916397094727
1.3629212379455566
0.7514278292655945
2.853458881378174
1.8681432008743286
0.9709221720695496
0.9265624284744263
2.1046972274780273
2.0746920108795166
1.1984379291534424
1.5428459644317627
2.847877025604248
0.6153505444526672
1.6023807525634766
-0.6741561889648438
6.755195140838623
4.790277481079102
7.779071807861328
4.565509796142578
2.4021480083465576
3.089202880859375
3.2576706409454346
2.91396427154541
1.4020836353302002
-1.4039838314056396
-4.699924468994141
2.889758586883545
2.3245925903320312
2.08902645111084
-0.3948667049407959
0.35432207584381104
1.9271796941757202
1.6585896015167236
1.2476189136505127
0.7118850350379944
0.8853174448013306
2.44472074508667
2.8276278972625732
7.280440807342529
5.3617963790893555
5.120701789855957
3.5284903049468994
7.991036891937256
6.0185770988464355
6.491283416748047
4.886063575744629
10.51416015625
8.561562538146973
9.885784149169922
7.792920112609863
10.340267181396484
8.392396926879883
9.937646865844727
8.37763786315918
9.157695770263672
7.455587387084961
9.125377655029297
9.034135818481445
8.18073844909668
6.6448798179626465
8.445208549499512
8.304056167602539
7.421787738800049
7.806387424468994
8.029475212097168
7.089175701141357
7.1798319816589355
8.588698387145996
6.525729179382324
8.099424362182617
7.875211715698242
5.414238929748535
12.319890975952148
13.014863967895508
12.270975112915039
12.41364860534668
8.927743911743164
10.128400802612305
9.636470794677734
9.857141494750977
7.394705772399902
5.400928497314453
1.5342071056365967
8.400947570800781
9.973356246948242
9.740083694458008
9.064530372619629
8.624407768249512
8.672423362731934
10.640335083007812
9.815406799316406
9.694860458374023
8.390077590942383
10.110359191894531
9.814447402954102
2.3415565490722656
1.5868340730667114
1.183389663696289
0.08783304691314697
2.84035062789917
1.8948594331741333
1.2210547924041748
0.19545328617095947
3.572406530380249
2.40569806098938
1.3846971988677979
-0.29206550121307373
3.2708847522735596
2.4682321548461914
1.3263312578201294
0.26142358779907227
2.435880184173584
1.8411262035369873
0.6058437824249268
-0.471738338470459
2.291140556335449
1.6483919620513916
0.4188728332519531
-0.6197948455810547
-0.5805966854095459
0.06315791606903076
0.019206881523132324
-0.23466110229492188
-0.5224399566650391
-1.1228187084197998
0.6228291988372803
-1.3921480178833008
0.04626178741455078
-0.07380890846252441
1.9580626487731934
3.118231773376465
5.236204147338867
-0.24164295196533203
1.6135575771331787
1.9232163429260254
2.147907257080078
1.9151737689971924
0.9945560693740845
-0.10565614700317383
-2.947143077850342
1.188321590423584
1.625584602355957
1.9269015789031982
0.8806097507476807
0.6322851777076721
-0.3255319595336914
1.180855393409729
1.1441736221313477
0.5319341421127319
-0.1085805892944336
0.28630661964416504
1.1337987184524536
0.6621929407119751
0.15673816204071045
-0.2926514148712158
-0.8656051158905029
1.3128834962844849
0.7174546718597412
-0.28977394104003906
-0.8058500289916992
1.1499770879745483
0.34227991104125977
-0.5270947217941284
-0.9165823459625244
1.208202838897705
0.970283031463623
-0.017815351486206055
-0.9192888736724854
0.5049842596054077
-0.03341853618621826
-0.7949185371398926
-1.4698493480682373
0.32796192169189453
-0.0956733226776123
-0.8410155773162842
-1.3747944831848145
-0.3677026033401489
-0.5581116676330566
-1.0070366859436035
-1.2279343605041504
-2.1514744758605957
-0.7994377613067627
-1.5747177600860596
-2.0056252479553223
-0.32089436054229736
-1.546597957611084
2.060359239578247
2.6533093452453613
2.626797676086426
-0.6129105091094971
0.15739107131958008
0.4800912141799927
0.8392668962478638
0.7762200832366943
1.1324150562286377
-1.3051807880401611
-2.8404345512390137
0.5242398381233215
0.9644066095352173
0.9395875334739685
0.439689040184021
-0.029911398887634277
0.6615387797355652
-0.20303940773010254
-0.30770444869995117
0.4378998279571533
-2.4848592281341553
-0.45011067390441895
-0.1334371566772461
5.061368942260742
4.735662460327148
3.9008891582489014
1.330803394317627
6.429882049560547
5.766169548034668
4.370244026184082
1.6698977947235107
10.073371887207031
9.425243377685547
7.345705986022949
3.665984630584717
11.465229034423828
11.191600799560547
9.207003593444824
5.47685432434082
11.406288146972656
10.945058822631836
8.690317153930664
5.199398994445801
8.015398025512695
7.702958583831787
5.3806352615356445
2.510507583618164
4.66160774230957
6.921967029571533
6.550024032592773
6.674887657165527
5.265315055847168
6.924230098724365
6.925926685333252
5.2172746658325195
5.437968730926514
5.798066139221191
11.795675277709961
11.702581405639648
8.659505844116211
13.013322830200195
8.940485954284668
10.522939682006836
9.723031997680664
10.697080612182617
6.826099395751953
6.222419261932373
1.377856731414795
7.479536056518555
8.672264099121094
8.688212394714355
7.935444355010986
5.963991641998291
7.489854335784912
10.38368034362793
8.852664947509766
10.157121658325195
7.5757832527160645
8.14373779296875
7.460974216461182
-0.8618524074554443
0.15202128887176514
0.852088212966919
-0.08157730102539062
-1.2847654819488525
-0.04765784740447998
1.020400047302246
-0.4118536710739136
-1.0075514316558838
0.3620033264160156
1.6040781736373901
-0.3046109676361084
-1.0564320087432861
0.6173054575920105
1.694939374923706
-0.3679027557373047
-0.5703370571136475
1.2646609544754028
1.9608423709869385
0.5985058546066284
-0.8428590297698975
0.9505213499069214
1.7561607360839844
0.17691326141357422
0.08030879497528076
-1.3310866355895996
0.3478473424911499
-0.6264550685882568
-0.9146966934204102
0.3065253496170044
0.21893155574798584
-0.9284369945526123
-1.6792433261871338
-2.5557661056518555
2.8764333724975586
2.878838539123535
2.1033475399017334
2.7868361473083496
1.8585015535354614
2.36371111869812
2.923513174057007
2.5195424556732178
0.4960209131240845
0.37779998779296875
-3.4869627952575684
1.4653394222259521
2.2959771156311035
1.5724735260009766
0.7707576751708984
2.085970401763916
2.151785373687744
0.2334892749786377
0.8998630046844482
0.11786770820617676
-0.37521958351135254
1.9478813409805298
0.45413774251937866
-0.6804327964782715
-0.4102058410644531
0.23083829879760742
-0.9222767353057861
0.8211231231689453
0.9310352802276611
0.9934219121932983
-0.4118192195892334
0.6806623339653015
0.8281240463256836
0.8098997473716736
-0.4063650369644165
0.14881348609924316
0.3519381284713745
0.4696109890937805
-0.6314964294433594
-0.39161765575408936
-0.47387421131134033
-0.11279952526092529
-0.991675615310669
-1.9189074039459229
-2.442659854888916
-2.477343797683716
-3.4344396591186523
-1.1858298778533936
-0.6243429183959961
-0.6647803783416748
-0.8177690505981445
-1.4719133377075195
-1.312958002090454
-0.6611149311065674
-0.893674373626709
-0.5115311145782471
-1.6359705924987793
0.2508516311645508
2.7593026161193848
1.2898002862930298
-1.888915777206421
1.013465166091919
1.1748521327972412
1.2415862083435059
1.247815728187561
-0.21452200412750244
-1.0966401100158691
-2.307976484298706
0.21973347663879395
0.30326318740844727
0.5148599743843079
-0.2691633701324463
-0.5379358530044556
-0.9276678562164307
0.1847381591796875
-0.07180404663085938
-0.42996132373809814
-0.9280838966369629
-0.3935732841491699
-0.27749836444854736
-0.27303647994995117
0.9545102119445801
-0.30397486686706543
-2.2090163230895996
2.9167492389678955
4.391186714172363
1.8931900262832642
-1.5670571327209473
4.785131931304932
6.229066371917725
3.561830997467041
-0.081337571144104
5.200135231018066
6.941934585571289
4.035770893096924
0.4688619375228882
5.130740165710449
7.065753936767578
4.121463775634766
0.6929656267166138
4.842193603515625
6.762986183166504
3.9113266468048096
0.6603816747665405
-0.44565844535827637
-0.14897465705871582
-1.0224785804748535
0.16863799095153809
-0.7204067707061768
-0.3539576530456543
0.30007433891296387
-1.388176441192627
-0.5214366912841797
-0.3218214511871338
4.145475387573242
6.34060001373291
3.886117458343506
0.9561054706573486
2.6546010971069336
2.8426296710968018
2.574784278869629
2.7892093658447266
0.6075224876403809
-0.6659162044525146
-5.44866943359375
2.6679677963256836
3.0218324661254883
3.246738910675049
1.3289086818695068
2.4161171913146973
1.9993703365325928
0.5404558777809143
2.5523533821105957
2.5992584228515625
1.8436150550842285
3.096284866333008
1.5294427871704102
13.206865310668945
9.771047592163086
6.6568403244018555
3.299747943878174
14.048433303833008
10.463350296020508
6.798869609832764
2.6962685585021973
17.450368881225586
14.325403213500977
9.935606002807617
5.172106742858887
15.54908561706543
13.023073196411133
9.049034118652344
4.86789608001709
14.299020767211914
12.194494247436523
8.416601181030273
4.6625895500183105
12.917980194091797
10.958541870117188
7.466459274291992
4.092787265777588
4.32634973526001
4.246744632720947
5.146274089813232
4.171551704406738
3.984266519546509
5.019711494445801
3.960665225982666
5.31041145324707
3.919541358947754
5.128167152404785
13.801881790161133
11.461603164672852
11.920019149780273
9.400334358215332
8.03226089477539
9.365802764892578
9.051733016967773
9.224584579467773
5.985718250274658
3.619927406311035
-2.5946264266967773
8.775835037231445
9.624948501586914
9.723831176757812
6.766451835632324
8.285699844360352
6.584543704986572
8.608114242553711
7.679671764373779
6.219423770904541
7.701615810394287
6.938239097595215
6.3403754234313965
13.678070068359375
13.954145431518555
10.14973258972168
7.380548477172852
17.657094955444336
17.751365661621094
14.722957611083984
11.800731658935547
15.243436813354492
15.280220031738281
12.565874099731445
10.184549331665039
13.570089340209961
13.656953811645508
11.310440063476562
9.19198989868164
12.337059020996094
12.20749282836914
9.997447967529297
8.025157928466797
10.959970474243164
10.931385040283203
8.974113464355469
7.4109721183776855
9.087800979614258
10.37197494506836
9.112001419067383
10.044475555419922
9.042520523071289
10.05300521850586
9.856515884399414
9.765625
9.055492401123047
10.494951248168945
12.550741195678711
12.787759780883789
11.496173858642578
10.031061172485352
9.286731719970703
10.055913925170898
10.429332733154297
9.655965805053711
9.903635025024414
7.269021511077881
2.627171277999878
10.011648178100586
11.459327697753906
11.27037239074707
10.976716995239258
9.23386001586914
10.478927612304688
10.576045989990234
10.849723815917969
12.022939682006836
9.383010864257812
10.490676879882812
10.211759567260742
-5.325479984283447
-4.4079270362854
-2.7224535942077637
-2.340214490890503
-4.803574085235596
-3.891887664794922
-2.152716875076294
-1.8928020000457764
-4.062116622924805
-3.6629467010498047
-1.8672561645507812
-1.7867546081542969
-4.633700847625732
-4.066638469696045
-2.3273794651031494
-2.408773899078369
-4.9632158279418945
-4.26096773147583
-2.4439706802368164
-2.5230910778045654
-5.508794784545898
-4.690834999084473
-2.904995918273926
-2.6948986053466797
-1.8983862400054932
-2.6073951721191406
-2.5019848346710205
-2.1262354850769043
-2.44490385055542
-2.2359650135040283
-2.1622610092163086
-1.7842907905578613
-2.1459758281707764
-2.26312518119812
-1.3279526233673096
-0.2951209545135498
-1.7819228172302246
-0.701805830001831
-2.235182285308838
-1.5875494480133057
-1.6501595973968506
-1.83579421043396
-2.2363791465759277
-2.968357563018799
-3.6129045486450195
-1.084165096282959
-1.0852882862091064
-1.078430414199829
-0.718017578125
-1.1951103210449219
-1.5074903964996338
-1.3773837089538574
-1.682877540588379
-2.18758487701416
-1.930799961090088
-2.2129108905792236
-1.4843120574951172
4.859476089477539
3.857560157775879
4.084981918334961
3.2452497482299805
7.5709099769592285
5.875943183898926
5.703126430511475
3.955327033996582
9.083162307739258
7.465812683105469
6.930996894836426
4.524394512176514
9.89480972290039
8.42799186706543
7.927374839782715
5.338827133178711
9.493831634521484
8.249601364135742
8.351776123046875
5.814790725708008
8.754003524780273
7.589537143707275
7.880753993988037
5.535872459411621
5.89210844039917
4.78947114944458
3.8909006118774414
5.352217674255371
4.177574157714844
5.332808494567871
4.344046592712402
5.066435813903809
6.054879665374756
4.623684883117676
8.987632751464844
11.849002838134766
12.716461181640625
8.749452590942383
7.0775933265686035
7.6182684898376465
7.489172458648682
8.024452209472656
6.334004878997803
4.128386497497559
1.745819330215454
8.931517601013184
8.430862426757812
8.801913261413574
7.8726019859313965
7.626669883728027
7.900279998779297
4.747269630432129
7.476070404052734
7.232818603515625
5.433323860168457
7.169179916381836
7.04455041885376
-4.550920486450195
-4.753833293914795
-3.7658824920654297
-5.35609769821167
-2.11739444732666
-2.766295909881592
-1.7240242958068848
-3.6334590911865234
-0.5181434154510498
-1.6104042530059814
-0.6108927726745605
-3.9045419692993164
-0.7799313068389893
-1.7328922748565674
-0.2533094882965088
-3.759601593017578
-1.1330714225769043
-2.0382981300354004
-0.38132011890411377
-3.6603455543518066
-1.6888983249664307
-2.4455716609954834
-1.1561355590820312
-4.3551249504089355
-2.246898889541626
-2.696493148803711
-2.9646806716918945
-3.096194267272949
-4.081044673919678
-2.878077983856201
-2.5576138496398926
-5.088388919830322
-3.648843765258789
-3.1445412635803223
2.3611652851104736
2.2978124618530273
1.3107728958129883
3.800934314727783
-0.858062744140625
0.30447638034820557
-0.14451205730438232
0.16882789134979248
-1.2141332626342773
-2.1496005058288574
-4.635556697845459
1.8969658613204956
1.6657426357269287
1.9766794443130493
1.036339521408081
-0.133652925491333
-0.09224605560302734
0.5152685642242432
-0.6693034172058105
0.3984893560409546
-2.9433035850524902
-1.6471502780914307
-0.4906700849533081
0.4354739189147949
2.066396474838257
2.227783203125
1.5136550664901733
-0.4646643400192261
1.6415703296661377
1.6318891048431396
0.7467556595802307
0.6802089214324951
2.966120719909668
2.2649972438812256
0.26531410217285156
-0.09637939929962158
2.233104944229126
1.642558217048645
0.16449522972106934
-0.731799840927124
1.6312235593795776
1.0770182609558105
-0.09621548652648926
-1.1847350597381592
0.9924704432487488
0.549994945526123
-1.1471350193023682
0.291607141494751
-0.16800856590270996
0.2869386672973633
0.1649690866470337
0.883958101272583
-0.4474308490753174
1.0554107427597046
-0.0988762378692627
1.2101143598556519
-1.7792859077453613
3.3227381706237793
5.197908401489258
3.5600039958953857
2.855238676071167
1.7536039352416992
3.909475326538086
2.945397138595581
2.5230660438537598
1.052004098892212
0.35026514530181885
-4.206180095672607
4.262750625610352
3.1437888145446777
2.9486289024353027
1.909407615661621
1.7767962217330933
2.6406474113464355
1.1612052917480469
0.859634280204773
1.6938225030899048
0.5952695608139038
1.563835620880127
2.696976661682129
-0.14310431480407715
-1.3821046352386475
-2.7946081161499023
-1.4361293315887451
4.004220008850098
2.6695241928100586
0.6411327123641968
1.0215928554534912
3.4386870861053467
2.4102885723114014
0.7650994062423706
1.3041868209838867
4.118076801300049
3.3251352310180664
1.879772424697876
2.4606106281280518
3.985166549682617
3.195932149887085
1.579298496246338
2.262671709060669
2.7512803077697754
2.0236434936523438
0.41320061683654785
1.1063342094421387
3.3752429485321045
2.960209608078003
2.6620521545410156
2.5386571884155273
1.4341353178024292
0.8219798803329468
2.678084373474121
2.494885206222534
2.4889416694641113
2.220667600631714
3.9744534492492676
7.247908592224121
8.037612915039062
3.769592046737671
2.468994617462158
3.54632568359375
3.7797415256500244
3.3786048889160156
1.8840222358703613
2.7827463150024414
-1.5801410675048828
3.871100425720215
4.048152923583984
3.76425838470459
5.197932243347168
3.413121461868286
4.465536117553711
4.181380748748779
3.11301851272583
4.024426460266113
1.3575162887573242
3.0358548164367676
3.6259381771087646
-3.104764938354492
-3.7045717239379883
-0.9535183906555176
-0.09191501140594482
-4.863400459289551
-5.103180408477783
-1.9165995121002197
-0.9495522975921631
-5.934609889984131
-6.07075309753418
-2.7951440811157227
-1.5569746494293213
-5.352374076843262
-5.91318941116333
-2.9748940467834473
-1.81056809425354
-5.084842205047607
-5.0714874267578125
-2.3121442794799805
-1.8758642673492432
-4.2078471183776855
-4.381302833557129
-1.9536147117614746
-1.7256033420562744
-1.5281744003295898
-0.8720905780792236
-1.0835051536560059
-1.1451139450073242
-1.968550205230713
-1.2041113376617432
-1.7386929988861084
-1.1358046531677246
-0.741478681564331
-1.3506736755371094
0.546186089515686
0.9490182995796204
1.0388054847717285
2.532646656036377
-3.1530795097351074
-1.7058017253875732
-1.942260503768921
-2.643726348876953
-3.7509727478027344
-2.651191234588623
-5.659539222717285
-1.0229742527008057
0.04792940616607666
-0.5695328712463379
-2.086243152618408
-3.370178699493408
-2.0183863639831543
-1.5702714920043945
-3.2451906204223633
-1.5501842498779297
-3.171569347381592
-2.5785932540893555
-2.005632162094116
2.0172040462493896
3.1287083625793457
3.955909252166748
2.49839448928833
2.2258658409118652
3.7546403408050537
4.902793884277344
2.718647003173828
2.599109411239624
4.131875991821289
5.796437740325928
3.549611806869507
3.7078146934509277
5.6995930671691895
7.778125286102295
5.4789228439331055
5.196261405944824
7.012683391571045
7.773287296295166
5.599482536315918
5.723938465118408
7.334951400756836
7.860623359680176
6.038283824920654
3.9199373722076416
5.013271331787109
4.072841644287109
5.186159133911133
4.357951641082764
4.887271881103516
4.886660575866699
5.282978057861328
4.096656799316406
3.264704942703247
8.598429679870605
8.757122039794922
7.038348197937012
8.094097137451172
5.316046714782715
5.839354515075684
6.1422295570373535
5.860487461090088
3.217578887939453
2.1510584354400635
-2.5305209159851074
5.600110054016113
6.442630767822266
6.324549198150635
5.148691177368164
5.121028423309326
4.640357494354248
5.27940034866333
6.631718158721924
6.013030529022217
5.459474563598633
5.714846134185791
5.130928993225098
1.9092795848846436
0.7416867017745972
0.19842100143432617
-1.2622034549713135
11.382699966430664
9.562902450561523
6.905216217041016
2.7366538047790527
13.66739273071289
13.095378875732422
10.388870239257812
5.707116603851318
13.392414093017578
12.096410751342773
9.589103698730469
5.418909549713135
11.161109924316406
10.085477828979492
8.243131637573242
4.866965293884277
7.702043533325195
6.74247407913208
5.130318641662598
2.4229345321655273
7.24114990234375
5.326078414916992
7.15480899810791
4.893368244171143
6.276980876922607
3.917219638824463
6.514561176300049
4.090061187744141
7.020025253295898
4.684568881988525
13.887638092041016
14.039060592651367
14.315900802612305
3.5531973838806152
11.341436386108398
12.616888046264648
13.111297607421875
12.355186462402344
8.310081481933594
7.784341335296631
3.358076572418213
12.220687866210938
12.517358779907227
12.046165466308594
9.062599182128906
9.55419921875
9.429046630859375
9.494241714477539
6.768380641937256
6.891361236572266
6.8895955085754395
6.948917865753174
8.559428215026855
-1.1927356719970703
-1.6073331832885742
-2.6400022506713867
-4.459720611572266
-1.3678796291351318
-1.9339768886566162
-3.0759902000427246
-4.952852725982666
0.3121507167816162
-0.347625732421875
-2.3607892990112305
-4.7118401527404785
2.5203588008880615
1.9218677282333374
-0.5381389856338501
-3.9114980697631836
2.120755434036255
1.9392344951629639
-0.24418222904205322
-3.2486963272094727
3.0787811279296875
2.8228602409362793
0.4460214376449585
-2.421281099319458
-5.9325666427612305
-3.0509963035583496
-3.655707359313965
-3.4297332763671875
-4.3126630783081055
-4.3397955894470215
-3.3709335327148438
-3.7448620796203613
-4.880588054656982
-3.312343120574951
-1.186720848083496
-1.0057644844055176
2.94571590423584
2.9786250591278076
-2.7358593940734863
-1.5178017616271973
-1.8805320262908936
-1.9620604515075684
-3.795741558074951
-5.055892467498779
-8.836469650268555
-2.504239797592163
-1.5540950298309326
-1.6074638366699219
-2.4322078227996826
-3.759443759918213
-4.951396465301514
-0.24136650562286377
-0.9660205841064453
-1.8285794258117676
-3.228907585144043
-3.9548401832580566
-4.812289237976074
4.32150411605835
1.5669597387313843
0.6854746341705322
1.081762433052063
3.8752715587615967
1.0840189456939697
0.052113890647888184
0.9612102508544922
5.971848487854004
2.4844374656677246
0.5471402406692505
0.814875602722168
6.052491664886475
3.1419761180877686
1.3901574611663818
1.7976210117340088
6.824657440185547
3.9251773357391357
2.0910282135009766
2.948403835296631
5.606846809387207
2.9834182262420654
1.2777336835861206
2.590944290161133
2.3589062690734863
1.8014508485794067
1.5157321691513062
0.28947579860687256
0.3446176052093506
1.6830285787582397
1.9486491680145264
0.6093224883079529
2.301220655441284
-0.33525705337524414
3.75028133392334
5.776727199554443
8.765372276306152
3.159581184387207
1.9572081565856934
3.1476590633392334
2.7711901664733887
3.211982488632202
1.1070882081985474
-0.6284611225128174
-4.030343532562256
3.6808555126190186
3.0798726081848145
3.6986870765686035
3.7558248043060303
2.7902204990386963
1.4967303276062012
2.346926689147949
1.7172667980194092
1.1798707246780396
-0.6835145950317383
-0.4857778549194336
0.9770131707191467
0.7927041053771973
1.9327023029327393
1.817168951034546
1.880496859550476
9.829978942871094
11.222503662109375
9.509811401367188
6.099411487579346
10.386302947998047
11.914691925048828
10.755298614501953
8.05948543548584
8.712261199951172
10.321477890014648
9.340999603271484
7.125214576721191
7.833678722381592
9.376392364501953
8.335500717163086
6.842918872833252
6.402685642242432
7.922246932983398
6.9470319747924805
6.048095226287842
7.219295978546143
8.673824310302734
8.394935607910156
6.562952995300293
7.025599002838135
5.554579734802246
8.803851127624512
8.21700668334961
8.947813034057617
6.559610366821289
9.78342056274414
11.327056884765625
11.285980224609375
9.658554077148438
7.7413787841796875
9.01773452758789
8.965703964233398
8.401063919067383
5.6015543937683105
5.138509750366211
0.7719632387161255
7.188014984130859
8.558979034423828
8.282350540161133
6.8150506019592285
7.1611552238464355
6.962520122528076
8.745721817016602
8.13909912109375
8.587848663330078
8.52154541015625
7.976747989654541
8.524406433105469
